function fcs=setfcs
fcs=[300 1200 3000 6000 10000  12000 ];
% fcs = [ 3000 ];