x = [0.000000 1.000000 2.000000 3.000000 4.000000 5.000000 6.000000 7.000000 8.000000 9.000000 10.000000 11.000000 12.000000 13.000000 14.000000 15.000000 16.000000 17.000000 18.000000 19.000000 20.000000 21.000000 ];
y = [0.000000 988.761047 85.667000 830.514160 310.920288 565.164856 601.720215 281.376648 862.289429 73.928116 1006.876282 12.280526 988.193481 117.541794 813.100342 355.466400 540.327881 647.812500 261.001495 898.289856 68.420036 1024.493774 ];
